A = [1 2; 3]
B = 5 / 0
C = 3 * (2 + 4 + 