A = 
8.9	7.3	4	2.4	
2.3	6.5	8.9	3.1	
4.9	3.8	2	7.5	
9.8	3.4	1	8.9	
######################################################
B = 
1.2	5.7	4.2	1.4	
6.3	2.5	8.1	3.1	
6.4	2.8	7.1	8.1	
3.2	5.1	7.2	8.9	
######################################################
C = 
10.1	13	8.2	3.8	
8.6	9	17	6.2	
11.3	6.6	9.1	15.6	
13	8.5	8.2	17.8	
######################################################
D = 
7.7	1.6	-0.2	1	
-4	4	0.8	0	
-1.5	1	-5.1	-0.6	
6.6	-1.7	-6.2	0	
######################################################
E = 
89.95	92.42	142.19	88.85	
110.59	70.09	147.82	123.05	
66.62	81.28	119.56	101.59	
68.06	112.55	139.88	111.57	
######################################################
F = 
3.07132	-1.73438	4.26963	-3.4952	
0.273397	1.1295	-1.39406	1.18064	
1.23693	-1.68923	2.89622	-1.39938	
2.2501	-2.90705	5.76514	-3.5883	
######################################################
G = 
0.11236	0.136986	0.25	0.416667	
0.434783	0.153846	0.11236	0.322581	
0.204082	0.263158	0.5	0.133333	
0.102041	0.294118	1	0.11236	
######################################################
H = 
10.1	8.6	11.3	13	
13	9	6.6	8.5	
8.2	17	9.1	8.2	
3.8	6.2	15.6	17.8	
######################################################
