M = 4;
A = ( 2.5 * (1.2 + 4.4 / (2.4 + 3.3)) + 12 * sin(0.4) + 2.2^4 / (M.^3 + M.^2 - 5) ).^(-1.4 + 5)
B = [1.3 2.4;4.6 1.3]
B = [[1.2 2.3; A 2.3; B], [3.2;-7.8;-3.2; 1.2]]